           1           1           1        2008  0.0000000E+00
           2           1           2        2008  0.0000000E+00
           3           1           3        2008  0.0000000E+00
           4           1           4        2008  0.0000000E+00
           5           1           5        2008  0.0000000E+00
           6           1           6        2008  0.0000000E+00
           7           1           7        2008  0.0000000E+00
           8           1           8        2008  0.0000000E+00
           9           1           9        2008  0.0000000E+00
          10           1          10        2008  0.0000000E+00
          11           1          11        2008  0.0000000E+00
          12           1          12        2008  0.0000000E+00
          13           1          13        2008  0.0000000E+00
          14           1          14        2008  0.0000000E+00
          15           1          15        2008  0.0000000E+00
          16           1          16        2008  0.0000000E+00
          17           1          17        2008  0.0000000E+00
          18           1          18        2008  0.0000000E+00
          19           1          19        2008  0.0000000E+00
          20           1          20        2008  0.0000000E+00
          21           1          21        2008  0.0000000E+00
          22           1          22        2008  0.0000000E+00
          23           1          23        2008  0.0000000E+00
          24           1          24        2008  0.0000000E+00
          25           1          25        2008  0.0000000E+00
          26           1          26        2008  1.7446199E-09
          27           1          27        2008  0.0000000E+00
          28           1          28        2008  0.0000000E+00
          29           1          29        2008  0.0000000E+00
          30           1          30        2008  0.0000000E+00
          31           1          31        2008  0.0000000E+00
          32           2           1        2008  0.0000000E+00
          33           2           2        2008  0.0000000E+00
          34           2           3        2008  0.0000000E+00
          35           2           4        2008  0.0000000E+00
          36           2           5        2008  1.3688620E-02
          37           2           6        2008  7.0599563E-02
          38           2           7        2008  5.3575085E-03
          39           2           8        2008  9.2098227E-04
          40           2           9        2008  3.8142444E-04
          41           2          10        2008  1.7840213E-04
          42           2          11        2008  1.0900923E-04
          43           2          12        2008  1.2008840E-04
          44           2          13        2008  5.2808457E-05
          45           2          14        2008  5.0087361E-05
          46           2          15        2008  2.5974441E-05
          47           2          16        2008  1.8244487E-05
          48           2          17        2008  7.4239597E-02
          49           2          18        2008  8.8774692E-03
          50           2          19        2008  2.0998025E-03
